8.jpg 250 81 146 150
34.jpg 71 112 237 247
42.jpg 92 77 139 153
80.jpg 122 64 185 179
86.jpg 51 96 213 227
209.jpg 174 43 68 84
213.jpg 68 74 139 146
232.jpg 148 116 182 162
292.jpg 60 68 120 145
393.jpg 34 106 241 276
444.jpg 237 72 82 103
477.jpg 67 122 232 258
478.jpg 158 130 125 143
514.jpg 148 125 91 95
535.jpg 230 71 58 65
658.jpg 286 73 136 153
693.jpg 55 154 120 133
793.jpg 93 75 133 141
829.jpg 96 63 119 133
862.jpg 150 79 106 109
869.jpg 125 57 97 99
871.jpg 108 60 104 113
961.jpg 29 101 206 207
1033.jpg 82 124 155 186
1036.jpg 111 214 105 115
1031.jpg 20 55 77 64
1063.jpg 75 118 209 204
1081.jpg 114 92 147 148
1156.jpg 98 59 105 112
1176.jpg 202 79 191 203
1237.jpg 33 98 196 190
