0.jpg 153 246 90 101
1.jpg 71 105 168 195
2.jpg 128 120 100 96
3.jpg 47 78 173 161
4.jpg 226 119 140 123
5.jpg 78 72 79 89
6.jpg 150 65 95 109
7.jpg 143 51 79 85
8.jpg 250 81 146 150
9.jpg 163 57 92 98
10.jpg 105 67 110 139
11.jpg 265 47 73 90
12.jpg 139 105 127 135
13.jpg 236 31 93 82
14.jpg 70 94 151 173
15.jpg 109 53 70 76
16.jpg 96 88 161 187
17.jpg 66 42 78 82
18.jpg 40 82 259 259
19.jpg 189 46 80 87
20.jpg 35 108 216 223
21.jpg 217 43 84 91
22.jpg 166 79 141 142
23.jpg 84 69 88 103
24.jpg 54 103 181 198
25.jpg 171 87 79 89
26.jpg 130 146 158 191
27.jpg 125 64 126 133
28.jpg 80 74 103 111
29.jpg 126 60 88 98
30.jpg 38 93 191 193
31.jpg 56 104 177 198
32.jpg 83 183 133 128
33.jpg 48 109 216 237
34.jpg 71 112 237 247
35.jpg 32 88 215 190
36.jpg 115 45 92 96
37.jpg 82 112 230 250
38.jpg 154 85 150 161
39.jpg 114 55 98 117
40.jpg 120 52 88 90
41.jpg 177 135 79 85
42.jpg 92 77 139 153
43.jpg 156 65 73 71
44.jpg 122 102 132 139
45.jpg 71 98 177 194
46.jpg 242 64 98 115
47.jpg 86 33 60 63
48.jpg 66 118 217 269
49.jpg 99 255 135 132
50.jpg 102 59 114 133
51.jpg 132 51 102 90
52.jpg 83 131 82 98
53.jpg 57 85 162 158
54.jpg 41 65 115 133
55.jpg 35 4 312 333
56.jpg -40 44 347 383
57.jpg 145 56 82 99
58.jpg 96 94 171 171
59.jpg 98 98 187 213
60.jpg 86 79 124 147
61.jpg 275 128 118 140
62.jpg 93 78 122 144
63.jpg 70 53 92 98
64.jpg 61 97 220 230
65.jpg 175 60 97 111
66.jpg 165 90 76 77
67.jpg 79 1 283 288
68.jpg 275 66 57 64
69.jpg 56 122 208 242
70.jpg 124 135 102 110
71.jpg 78 99 208 203
72.jpg 47 128 232 243
73.jpg 118 44 64 72
74.jpg 85 51 90 94
75.jpg 203 84 61 71
76.jpg 89 72 104 121
77.jpg 56 105 171 159
78.jpg 214 102 160 184
79.jpg 252 74 98 102
80.jpg 122 64 185 179
81.jpg 125 88 116 124
82.jpg 64 96 191 202
83.jpg 108 42 79 82
84.jpg 69 89 163 171
85.jpg 74 110 154 163
86.jpg 51 96 213 227
87.jpg 173 74 92 106
88.jpg 62 71 182 174
89.jpg 92 155 171 188
90.jpg 143 73 99 101
91.jpg 125 104 154 160
92.jpg 50 84 170 170
93.jpg 22 57 292 302
94.jpg 45 141 219 233
95.jpg 50 74 125 135
96.jpg 42 108 211 239
97.jpg 187 63 80 85
98.jpg 53 92 161 157
99.jpg 56 112 167 165
100.jpg 75 136 188 191
101.jpg 208 50 110 129
102.jpg 79 79 130 159
103.jpg 173 72 96 107
104.jpg 90 63 125 143
105.jpg 32 202 82 84
106.jpg 69 86 121 128
107.jpg 117 49 68 73
108.jpg 138 58 113 104
109.jpg 141 85 126 127
110.jpg 78 68 109 114
111.jpg 95 76 104 107
112.jpg 116 62 100 108
113.jpg 88 111 54 58
114.jpg 95 115 225 216
115.jpg 47 119 224 234
116.jpg 160 67 63 67
117.jpg 128 86 100 111
118.jpg 215 124 106 116
119.jpg 228 58 89 84
120.jpg 50 107 169 168
121.jpg 226 97 138 156
122.jpg 107 48 93 103
123.jpg 95 101 165 155
124.jpg 104 40 77 85
125.jpg 97 40 72 66
126.jpg 106 92 173 211
127.jpg 184 54 87 89
128.jpg 211 63 115 128
129.jpg 60 78 171 166
130.jpg 145 33 80 104
131.jpg 137 63 115 120
132.jpg 97 89 143 167
133.jpg 63 34 70 74
134.jpg 190 48 76 89
135.jpg 84 144 129 145
136.jpg 51 120 164 160
137.jpg 78 118 150 174
138.jpg 139 82 119 126
139.jpg 105 58 101 110
140.jpg 116 60 65 72
141.jpg 116 41 73 77
142.jpg 120 138 98 104
143.jpg 52 119 203 226
144.jpg 131 44 88 81
145.jpg 158 67 97 98
146.jpg 167 116 67 76
147.jpg 215 79 130 134
148.jpg 65 133 205 229
149.jpg 75 47 63 74
150.jpg 163 78 106 118
151.jpg 52 120 217 262
152.jpg 93 60 105 123
153.jpg 211 77 143 168
154.jpg 113 53 91 99
155.jpg 44 115 188 211
156.jpg 121 67 84 100
157.jpg 213 108 178 184
158.jpg 108 46 90 101
159.jpg 79 0 214 247
160.jpg 116 41 71 79
161.jpg 276 121 92 94
162.jpg 154 62 113 126
163.jpg 63 132 227 264
164.jpg 49 92 162 179
165.jpg 109 86 103 113
166.jpg 136 62 125 138
167.jpg 157 58 86 84
168.jpg 155 65 112 122
169.jpg 175 49 86 91
170.jpg 94 91 166 168
171.jpg 245 188 68 73
172.jpg 157 50 70 77
173.jpg 114 29 70 82
174.jpg 106 68 77 84
175.jpg 69 45 67 83
176.jpg 107 92 63 71
177.jpg 47 104 242 244
178.jpg 20 133 260 289
179.jpg 79 58 85 74
180.jpg 49 110 217 246
181.jpg 46 115 205 228
182.jpg 44 169 94 102
183.jpg 176 46 80 99
184.jpg 102 71 88 94
185.jpg 94 -39 265 313
186.jpg 71 104 87 98
187.jpg 101 80 147 168
188.jpg 166 68 83 96
189.jpg 277 115 119 126
190.jpg 123 37 80 78
191.jpg 43 120 230 276
192.jpg 141 88 187 186
193.jpg 265 69 148 138
194.jpg 94 81 182 198
195.jpg 131 108 159 167
196.jpg 156 69 105 116
197.jpg 239 59 79 91
198.jpg 87 3 91 99
199.jpg 75 130 159 180
200.jpg 137 78 107 114
201.jpg 60 64 105 106
202.jpg 92 84 172 183
203.jpg 212 6 144 151
204.jpg 102 123 135 138
205.jpg 74 98 174 202
206.jpg 67 151 183 197
207.jpg 99 99 109 112
208.jpg 51 110 193 221
209.jpg 174 43 68 84
210.jpg 141 59 114 107
211.jpg 204 77 119 130
212.jpg 71 106 148 161
213.jpg 68 74 139 146
214.jpg 50 63 95 93
215.jpg 101 34 83 85
216.jpg 134 86 192 179
217.jpg 87 76 146 163
218.jpg 118 42 75 71
219.jpg 235 63 102 107
220.jpg 96 61 89 105
221.jpg 69 84 157 187
222.jpg 115 104 186 200
223.jpg 49 118 230 245
224.jpg 106 40 76 82
225.jpg 85 47 79 91
226.jpg 80 85 158 185
227.jpg 118 86 102 117
228.jpg 125 52 107 114
229.jpg 227 57 73 88
230.jpg 151 75 96 107
231.jpg 122 45 82 96
232.jpg 148 116 182 162
233.jpg 154 62 113 121
234.jpg 120 72 70 79
235.jpg 254 58 48 52
236.jpg 95 89 165 188
237.jpg 47 107 204 225
238.jpg 76 104 193 205
239.jpg 148 61 92 105
240.jpg 134 51 101 96
241.jpg 116 85 75 82
242.jpg 63 68 187 219
243.jpg 117 51 80 85
244.jpg 76 85 144 160
245.jpg 140 90 133 131
246.jpg 54 88 199 204
247.jpg 88 126 70 74
248.jpg 134 236 78 89
249.jpg 185 61 81 93
250.jpg 202 123 83 86
251.jpg 48 113 257 254
252.jpg 61 47 76 86
253.jpg 142 62 112 116
254.jpg 211 88 150 161
255.jpg 87 76 155 167
256.jpg 117 46 84 85
257.jpg 103 89 162 174
258.jpg 57 113 186 228
259.jpg 129 102 136 147
260.jpg 119 134 99 102
261.jpg 110 63 74 78
262.jpg 161 73 92 95
263.jpg 298 54 90 93
264.jpg 134 86 119 123
265.jpg 169 69 75 77
266.jpg 54 83 126 168
267.jpg 149 40 75 81
268.jpg 96 50 90 104
269.jpg 36 88 114 112
270.jpg 185 65 125 125
271.jpg 135 130 63 70
272.jpg 148 81 161 191
273.jpg 60 47 76 89
274.jpg 110 317 78 86
275.jpg 105 41 63 73
276.jpg 76 87 177 176
277.jpg 50 116 248 233
278.jpg 121 68 82 83
279.jpg 117 58 110 116
280.jpg 92 97 144 152
281.jpg 112 83 128 145
282.jpg 216 136 134 123
283.jpg 92 93 79 82
284.jpg 39 61 211 197
285.jpg 104 82 118 113
286.jpg 140 43 80 72
287.jpg 84 67 141 162
288.jpg 139 55 262 255
289.jpg 89 77 92 97
290.jpg 38 77 146 171
291.jpg 42 116 281 282
292.jpg 60 68 120 145
293.jpg 78 57 109 128
294.jpg 48 101 209 227
295.jpg 195 83 78 76
296.jpg 136 71 79 92
297.jpg 62 61 122 136
298.jpg 293 43 74 78
299.jpg 54 139 221 240
300.jpg 58 97 211 228
301.jpg 146 57 101 113
302.jpg 53 125 199 203
303.jpg 168 76 111 137
304.jpg 97 112 200 247
305.jpg 87 40 58 67
306.jpg 40 112 240 214
307.jpg 129 51 91 101
308.jpg 148 82 52 57
309.jpg 76 49 81 88
310.jpg 207 20 213 221
311.jpg 103 92 112 113
312.jpg 133 99 103 109
313.jpg 163 105 84 83
314.jpg 86 50 63 68
315.jpg 174 47 97 88
316.jpg 241 43 97 98
317.jpg 77 97 166 208
318.jpg 199 67 140 140
319.jpg 77 95 160 197
320.jpg 79 62 132 141
321.jpg -2 109 265 291
322.jpg 132 120 57 56
323.jpg 61 88 145 168
324.jpg 126 139 68 83
325.jpg 71 164 117 122
326.jpg 99 61 70 84
327.jpg 40 132 211 215
328.jpg 330 51 70 78
329.jpg 100 69 115 128
330.jpg 330 48 98 116
331.jpg 43 215 201 197
332.jpg 56 104 112 110
333.jpg 114 80 118 122
334.jpg 115 52 83 83
335.jpg 89 67 70 81
336.jpg 102 77 106 111
337.jpg 217 70 103 109
338.jpg 125 82 119 130
339.jpg 117 87 168 174
340.jpg 91 84 95 101
341.jpg 94 82 144 162
342.jpg 109 55 92 107
343.jpg 215 216 91 107
344.jpg 162 56 91 96
345.jpg 51 182 224 209
346.jpg 87 78 115 127
347.jpg 172 27 54 60
348.jpg 46 88 184 183
349.jpg 60 119 188 216
350.jpg 89 97 116 124
351.jpg 79 172 92 91
352.jpg 183 81 136 174
353.jpg 60 107 205 239
354.jpg 87 53 77 79
355.jpg 83 130 98 102
356.jpg 112 63 103 110
357.jpg 17 109 192 214
358.jpg 52 95 219 213
359.jpg 53 74 95 111
360.jpg 68 80 160 180
361.jpg 77 49 80 90
362.jpg 232 98 104 110
363.jpg 95 90 148 148
364.jpg 248 122 98 109
365.jpg 139 73 173 162
366.jpg 161 69 116 123
367.jpg 124 37 76 85
368.jpg 119 49 90 92
369.jpg 123 213 105 101
370.jpg 192 70 90 96
371.jpg 103 38 67 76
372.jpg 98 91 201 202
373.jpg 79 63 142 125
374.jpg 46 152 273 219
375.jpg 87 72 150 157
376.jpg 104 73 85 94
377.jpg 38 80 88 102
378.jpg 89 229 129 149
379.jpg 130 112 82 86
380.jpg 147 105 78 71
381.jpg 122 88 135 155
382.jpg 42 59 78 83
383.jpg 102 39 79 91
384.jpg 161 102 97 97
385.jpg 111 48 70 80
386.jpg 272 74 120 134
387.jpg 83 71 134 142
388.jpg 76 56 103 104
389.jpg 97 36 65 80
390.jpg 218 100 107 113
391.jpg 75 48 95 102
392.jpg 41 116 228 244
393.jpg 34 106 241 276
394.jpg 46 120 172 183
395.jpg 38 220 128 143
396.jpg 69 44 92 107
397.jpg 79 232 99 108
398.jpg 48 122 201 229
399.jpg 123 49 67 73
400.jpg 149 133 84 85
401.jpg 95 155 190 214
402.jpg 69 175 102 104
403.jpg 34 84 199 214
404.jpg 166 69 112 122
405.jpg 139 58 99 103
406.jpg 315 75 60 65
407.jpg 60 122 215 250
408.jpg 85 96 177 189
409.jpg 78 116 149 164
410.jpg 140 248 66 70
411.jpg 50 89 196 190
412.jpg 173 52 91 102
413.jpg 117 92 131 140
414.jpg 104 82 148 146
415.jpg 121 61 77 81
416.jpg 126 122 128 131
417.jpg 66 114 171 173
418.jpg 124 55 96 110
419.jpg 187 78 99 130
420.jpg 103 173 108 109
421.jpg 100 56 63 71
422.jpg 31 112 209 218
423.jpg 149 66 153 166
424.jpg 85 38 61 71
425.jpg 149 98 167 163
426.jpg 89 65 68 68
427.jpg 111 101 140 141
428.jpg 75 42 84 90
429.jpg 43 116 94 116
430.jpg 73 123 192 198
431.jpg 276 74 98 115
432.jpg 226 35 76 71
433.jpg 96 80 100 113
434.jpg 203 114 63 67
435.jpg 144 70 129 126
436.jpg 110 135 91 89
437.jpg 77 65 110 122
438.jpg 202 70 85 94
439.jpg 157 203 71 82
440.jpg 127 30 72 86
441.jpg 79 66 123 120
442.jpg 133 68 98 108
443.jpg 175 164 132 145
444.jpg 237 72 82 103
445.jpg 155 301 86 88
446.jpg 128 67 101 97
447.jpg 89 103 193 166
448.jpg 133 151 102 110
449.jpg 157 96 67 76
450.jpg 71 104 165 182
451.jpg 126 47 65 70
452.jpg 207 76 79 80
453.jpg 48 105 229 207
454.jpg 258 56 91 99
455.jpg 60 88 159 161
456.jpg 76 79 184 174
457.jpg 132 73 69 79
458.jpg 236 84 88 94
459.jpg 133 289 66 68
460.jpg 63 36 69 71
461.jpg 31 156 204 219
462.jpg 71 181 96 102
463.jpg 64 101 170 192
464.jpg 200 78 84 90
465.jpg 92 76 130 128
466.jpg 143 88 104 103
467.jpg 115 50 64 66
468.jpg 109 90 142 176
469.jpg 71 132 162 182
470.jpg 167 103 109 122
471.jpg 203 19 80 84
472.jpg 55 101 220 220
473.jpg 201 180 84 94
474.jpg 69 76 109 122
475.jpg 109 76 122 136
476.jpg 54 121 195 233
477.jpg 67 122 232 258
478.jpg 158 130 125 143
479.jpg 74 98 151 172
480.jpg 106 46 70 78
481.jpg 131 48 90 93
482.jpg 254 207 130 132
483.jpg 109 280 79 84
484.jpg 82 111 196 226
485.jpg 59 141 209 197
486.jpg 110 88 217 189
487.jpg 31 46 105 96
488.jpg 112 131 110 116
489.jpg 191 53 86 93
490.jpg 63 113 186 198
491.jpg 45 120 209 262
492.jpg 100 83 144 152
493.jpg 166 45 86 87
494.jpg 56 184 86 87
495.jpg 180 72 142 183
496.jpg 94 57 78 88
497.jpg 120 300 72 72
498.jpg 60 118 200 211
499.jpg 213 58 100 121
500.jpg 102 53 77 87
501.jpg 90 55 102 92
502.jpg 77 54 65 70
503.jpg 110 63 112 117
504.jpg 68 62 80 89
505.jpg 140 60 83 92
506.jpg 108 47 70 80
507.jpg 164 144 146 145
508.jpg 240 97 128 150
509.jpg 60 113 250 255
510.jpg 41 131 201 249
511.jpg 110 51 93 99
512.jpg 150 125 88 96
513.jpg 181 107 68 70
514.jpg 148 125 91 95
515.jpg 38 64 118 135
516.jpg 72 90 119 130
517.jpg 101 111 119 139
518.jpg 53 58 101 119
519.jpg 77 64 95 106
520.jpg 302 79 116 100
521.jpg 51 78 155 170
522.jpg 196 55 124 127
523.jpg 130 108 129 139
524.jpg 81 75 163 170
525.jpg 95 32 60 68
526.jpg 50 189 156 153
527.jpg 62 87 120 147
528.jpg 317 57 115 119
529.jpg 85 89 66 80
530.jpg 141 58 101 108
531.jpg 88 39 81 86
532.jpg 162 67 107 125
533.jpg 162 58 90 99
534.jpg 22 122 245 243
535.jpg 230 71 58 65
536.jpg 257 52 94 103
537.jpg 79 100 209 192
538.jpg 48 118 193 212
539.jpg 113 92 130 141
540.jpg 127 57 88 103
541.jpg 126 168 89 109
542.jpg 138 60 107 106
543.jpg 26 136 210 225
544.jpg 39 126 155 157
545.jpg 68 112 201 181
546.jpg 122 105 102 113
547.jpg 169 313 93 101
548.jpg 57 88 165 161
549.jpg 85 81 101 105
550.jpg 121 70 105 129
551.jpg 161 144 101 93
552.jpg 182 81 137 162
553.jpg 72 119 212 220
554.jpg 124 84 131 141
555.jpg 114 43 85 93
556.jpg 117 42 72 76
557.jpg 159 85 144 166
558.jpg 86 62 163 165
559.jpg 130 56 92 112
560.jpg 127 61 90 93
561.jpg 73 60 89 97
562.jpg 17 104 246 245
563.jpg 107 37 66 73
564.jpg 77 48 80 82
565.jpg 95 76 115 122
566.jpg 30 112 236 235
567.jpg 107 69 139 141
568.jpg 20 101 303 331
569.jpg 125 43 73 71
570.jpg 254 39 81 84
571.jpg 73 110 172 181
572.jpg 104 87 144 171
573.jpg 49 118 220 259
574.jpg 35 94 144 171
575.jpg 3 175 148 154
576.jpg 137 50 69 80
577.jpg 37 110 171 191
578.jpg 180 47 89 87
579.jpg 61 148 112 115
580.jpg 108 66 154 145
581.jpg 75 59 140 137
582.jpg 108 55 83 85
583.jpg 104 45 92 97
584.jpg 102 114 150 176
585.jpg 36 98 195 207
586.jpg 114 50 96 105
587.jpg 82 61 78 93
588.jpg 182 66 89 105
589.jpg 141 46 92 98
590.jpg 118 125 203 195
591.jpg 61 122 132 135
592.jpg 156 80 83 97
593.jpg 199 139 112 116
594.jpg 178 154 128 134
595.jpg 69 130 147 154
596.jpg 71 93 280 297
597.jpg 120 87 98 123
598.jpg 145 52 89 94
599.jpg 142 52 91 89
600.jpg 61 120 207 233
601.jpg 90 62 107 110
602.jpg 94 131 182 209
603.jpg 93 82 102 108
604.jpg 79 62 130 127
605.jpg 156 95 68 75
606.jpg 102 145 89 96
607.jpg 38 106 292 320
608.jpg 98 51 72 85
609.jpg 119 47 94 104
610.jpg 93 55 94 107
611.jpg 182 66 115 133
612.jpg 160 75 113 117
613.jpg 123 66 112 132
614.jpg 78 66 70 66
615.jpg 95 93 170 194
616.jpg 81 81 120 133
617.jpg 120 70 99 116
618.jpg 212 65 175 174
619.jpg 109 227 105 112
620.jpg 94 86 158 173
621.jpg 82 -33 259 284
622.jpg 57 89 183 205
623.jpg 174 46 71 76
624.jpg 142 209 65 76
625.jpg 46 71 129 126
626.jpg 156 80 92 108
627.jpg 34 102 215 229
628.jpg 194 91 86 104
629.jpg 92 118 146 156
630.jpg 103 81 153 148
631.jpg 171 102 94 105
632.jpg 128 92 124 115
633.jpg 89 93 128 131
634.jpg 55 97 198 226
635.jpg 131 38 78 75
636.jpg 98 74 114 118
637.jpg 57 194 74 90
638.jpg 53 35 94 95
639.jpg 107 117 76 75
640.jpg 216 62 110 128
641.jpg 97 117 181 187
642.jpg 170 103 71 79
643.jpg 176 107 118 124
644.jpg 108 61 87 104
645.jpg 113 129 74 83
646.jpg 130 254 70 76
647.jpg 185 87 90 100
648.jpg 270 169 77 85
649.jpg 163 73 110 112
650.jpg 59 118 185 171
651.jpg 188 68 109 127
652.jpg 60 100 135 135
653.jpg 189 74 77 88
654.jpg 132 82 121 128
655.jpg 169 149 62 73
656.jpg 104 61 106 125
657.jpg 153 60 97 103
658.jpg 286 73 136 153
659.jpg 171 74 137 151
660.jpg 100 93 105 117
661.jpg 70 96 129 125
662.jpg 153 85 215 221
663.jpg 125 30 98 139
664.jpg 46 52 83 101
665.jpg 237 76 185 191
666.jpg 72 51 102 105
667.jpg 103 65 119 121
668.jpg 120 49 65 75
669.jpg 61 114 183 183
670.jpg 155 62 117 117
671.jpg 90 75 120 129
672.jpg 180 104 91 98
673.jpg 98 128 138 148
674.jpg 150 49 92 94
675.jpg 58 80 151 145
676.jpg 127 47 69 75
677.jpg 111 182 69 74
678.jpg 125 43 83 86
679.jpg 68 111 191 224
680.jpg 60 126 163 183
681.jpg 127 66 168 180
682.jpg 44 112 206 229
683.jpg 69 127 257 280
684.jpg 99 68 109 120
685.jpg 71 90 165 193
686.jpg 136 53 82 102
687.jpg 135 68 185 152
688.jpg 162 91 111 117
689.jpg 71 95 150 172
690.jpg 49 31 70 63
691.jpg 207 74 75 89
692.jpg 278 60 110 146
693.jpg 55 154 120 133
694.jpg 108 61 94 100
695.jpg 101 67 89 113
696.jpg 88 178 110 119
697.jpg 57 43 68 76
698.jpg 46 110 216 240
699.jpg 95 66 79 89
700.jpg 124 120 173 201
701.jpg 59 97 166 184
702.jpg 97 78 115 134
703.jpg 52 106 198 217
704.jpg 76 48 92 96
705.jpg 180 82 94 108
706.jpg 50 140 187 214
707.jpg 63 141 208 244
708.jpg 46 110 202 236
709.jpg 276 52 84 96
710.jpg 299 85 76 78
711.jpg 127 103 89 90
712.jpg 95 47 96 88
713.jpg 107 49 64 68
714.jpg 79 105 162 190
715.jpg 184 72 75 81
716.jpg 205 50 80 82
717.jpg 241 68 86 95
718.jpg 64 91 198 200
719.jpg 53 110 201 234
720.jpg 74 113 172 176
721.jpg 92 97 181 207
722.jpg 101 91 180 182
723.jpg 74 107 99 105
724.jpg 94 84 143 149
725.jpg 108 76 85 84
726.jpg 116 54 112 115
727.jpg 54 81 172 183
728.jpg 41 101 227 254
729.jpg 107 73 111 122
730.jpg 133 43 87 83
731.jpg 53 130 218 232
732.jpg 100 55 97 92
733.jpg 120 41 69 79
734.jpg 209 50 100 102
735.jpg 95 159 171 183
736.jpg 51 89 148 156
737.jpg 192 86 114 94
738.jpg 44 147 184 172
739.jpg 96 86 118 130
740.jpg 215 174 100 97
741.jpg 181 64 104 120
742.jpg 150 44 78 94
743.jpg 134 59 61 67
744.jpg 136 43 80 85
745.jpg 103 73 112 129
746.jpg 109 50 90 106
747.jpg 236 92 85 74
748.jpg 148 72 123 131
749.jpg 74 67 104 116
750.jpg 116 33 72 73
751.jpg 153 76 79 92
752.jpg 126 43 71 86
753.jpg 212 111 177 181
754.jpg 30 69 153 167
755.jpg 173 64 96 114
756.jpg 69 109 205 232
757.jpg 193 58 92 99
758.jpg 224 126 146 145
759.jpg 143 55 96 93
760.jpg 105 81 176 215
761.jpg 167 67 91 92
762.jpg 92 63 113 119
763.jpg 81 117 236 230
764.jpg 70 97 155 190
765.jpg 125 144 94 91
766.jpg 195 46 108 104
767.jpg 118 100 152 168
768.jpg 76 112 183 216
769.jpg 70 116 238 283
770.jpg 85 103 175 197
771.jpg 63 104 185 201
772.jpg 146 66 81 91
773.jpg 41 59 85 83
774.jpg 55 90 208 214
775.jpg 32 98 238 253
776.jpg 266 69 80 90
777.jpg 143 62 93 93
778.jpg 67 60 87 98
779.jpg 102 115 110 110
780.jpg 128 148 205 205
781.jpg 107 65 89 103
782.jpg 123 238 113 121
783.jpg 57 118 212 235
784.jpg 39 95 210 201
785.jpg 101 104 130 131
786.jpg 86 68 106 107
787.jpg 124 113 96 112
788.jpg 104 37 67 73
789.jpg 61 116 203 225
790.jpg 70 113 226 219
791.jpg 199 54 92 91
792.jpg 103 70 87 79
793.jpg 93 75 133 141
794.jpg 78 54 126 116
795.jpg 156 51 81 86
796.jpg 134 72 99 111
797.jpg 58 121 161 186
798.jpg 170 104 109 111
799.jpg 206 46 68 69
800.jpg 155 46 82 93
801.jpg 132 110 84 90
802.jpg 104 91 162 180
803.jpg 155 37 68 72
804.jpg 266 106 67 67
805.jpg 137 174 154 162
806.jpg 74 0 180 218
807.jpg 95 86 108 124
808.jpg 126 68 102 116
809.jpg 115 49 89 93
810.jpg 176 96 64 74
811.jpg 71 86 178 198
812.jpg 133 101 58 64
813.jpg 154 169 69 75
814.jpg 62 77 139 157
815.jpg 61 140 193 216
816.jpg 89 83 146 179
817.jpg 89 128 164 155
818.jpg 203 71 84 77
819.jpg 114 153 68 76
820.jpg 135 48 66 69
821.jpg 53 110 219 217
822.jpg 51 102 197 216
823.jpg 49 122 208 211
824.jpg 81 73 145 145
825.jpg 91 101 107 111
826.jpg 292 125 78 73
827.jpg 265 30 64 73
828.jpg 49 98 212 217
829.jpg 96 63 119 133
830.jpg 20 102 220 216
831.jpg 30 115 196 234
832.jpg 116 58 108 126
833.jpg 162 75 147 157
834.jpg 138 95 98 101
835.jpg 95 68 94 102
836.jpg 85 102 152 176
837.jpg 150 55 88 78
838.jpg 104 111 197 191
839.jpg 123 78 203 215
840.jpg 65 63 204 234
841.jpg 85 52 122 122
842.jpg 50 112 178 203
843.jpg 78 201 117 137
844.jpg 114 160 106 112
845.jpg 158 203 65 67
846.jpg 123 78 89 91
847.jpg 116 89 103 115
848.jpg 153 32 106 114
849.jpg 60 90 174 190
850.jpg 107 56 84 88
851.jpg 115 84 101 116
852.jpg 115 43 87 95
853.jpg 80 77 161 156
854.jpg 58 48 70 74
855.jpg 98 110 107 134
856.jpg 140 124 74 88
857.jpg 80 80 135 145
858.jpg 136 44 87 87
859.jpg 140 113 68 73
860.jpg 235 89 65 67
861.jpg 67 105 157 187
862.jpg 150 79 106 109
863.jpg 67 89 120 115
864.jpg 66 103 174 192
865.jpg 119 86 98 113
866.jpg 117 117 70 73
867.jpg 74 122 160 181
868.jpg 68 107 165 204
869.jpg 125 57 97 99
870.jpg 90 82 127 151
871.jpg 108 60 104 113
872.jpg 179 57 61 66
873.jpg 25 121 261 278
874.jpg 93 82 123 139
875.jpg 191 45 78 88
876.jpg 114 82 80 77
877.jpg 105 78 95 100
878.jpg 159 66 61 70
879.jpg 106 52 69 81
880.jpg 89 84 184 209
881.jpg 56 106 188 217
882.jpg 104 42 72 81
883.jpg 173 65 95 113
884.jpg 73 79 79 73
885.jpg 138 95 164 171
886.jpg 188 41 70 85
887.jpg 109 56 65 76
888.jpg 216 38 64 67
889.jpg 126 64 83 85
890.jpg 85 43 86 95
891.jpg 50 107 208 235
892.jpg 87 82 183 182
893.jpg 65 128 83 90
894.jpg 9 109 195 217
895.jpg 169 74 73 90
896.jpg 11 106 271 240
897.jpg 78 50 130 150
898.jpg 139 242 129 142
899.jpg 156 49 83 101
900.jpg 72 89 180 213
901.jpg 72 119 191 200
902.jpg 116 57 84 95
903.jpg 23 114 230 251
904.jpg 86 94 142 141
905.jpg 112 72 89 113
906.jpg 122 64 136 134
907.jpg 109 97 90 98
908.jpg 94 126 108 119
909.jpg 114 41 74 93
910.jpg 147 63 112 127
911.jpg 54 102 234 220
912.jpg 129 68 99 96
913.jpg 62 79 172 186
914.jpg 96 74 121 142
915.jpg 103 54 68 75
916.jpg 197 64 127 118
917.jpg 164 70 110 108
918.jpg 44 125 240 263
919.jpg 172 55 80 89
920.jpg 236 54 106 113
921.jpg 105 89 128 133
922.jpg 126 127 179 193
923.jpg 135 54 96 110
924.jpg 33 75 272 309
925.jpg 47 104 194 216
926.jpg 91 54 64 70
927.jpg 192 62 85 104
928.jpg 130 58 81 80
929.jpg 58 92 176 176
930.jpg 59 111 216 233
931.jpg 66 86 126 133
932.jpg 167 57 90 99
933.jpg 90 65 87 92
934.jpg 92 86 83 93
935.jpg 116 110 207 235
936.jpg 100 49 126 146
937.jpg 42 59 30 32
938.jpg 170 46 79 88
939.jpg 96 37 98 99
940.jpg 136 41 78 87
941.jpg 221 70 129 132
942.jpg 168 88 112 112
943.jpg 56 128 165 191
944.jpg 49 108 200 197
945.jpg 226 74 103 125
946.jpg 102 78 105 114
947.jpg 75 93 173 170
948.jpg 114 72 93 104
949.jpg 68 73 160 172
950.jpg 80 58 80 77
951.jpg 102 84 129 142
952.jpg 135 79 97 92
953.jpg 88 96 169 194
954.jpg 99 89 171 163
955.jpg 103 112 142 160
956.jpg 73 68 127 153
957.jpg 31 43 307 362
958.jpg 124 74 132 128
959.jpg 113 44 77 82
960.jpg 278 58 110 97
961.jpg 29 101 206 207
962.jpg 81 60 118 110
963.jpg 54 113 177 217
964.jpg 48 108 233 254
965.jpg 42 78 156 169
966.jpg 50 123 192 217
967.jpg 104 63 112 115
968.jpg 175 54 98 106
969.jpg 121 80 138 154
970.jpg 255 92 68 77
971.jpg 91 41 64 73
972.jpg 175 146 99 112
973.jpg 38 94 194 181
974.jpg 146 42 88 88
975.jpg 43 119 282 278
976.jpg 124 49 90 107
977.jpg 97 90 120 129
978.jpg 94 42 68 78
979.jpg 199 79 84 80
980.jpg 74 106 208 211
981.jpg 27 46 278 278
982.jpg 216 59 77 89
983.jpg 196 78 102 107
984.jpg 105 48 74 73
985.jpg 133 54 94 117
986.jpg 84 94 196 205
987.jpg 54 71 140 159
988.jpg 111 47 80 85
989.jpg 105 95 51 63
990.jpg 196 54 90 89
991.jpg 82 50 91 101
992.jpg 76 56 137 142
993.jpg 99 112 88 90
994.jpg 34 101 206 213
995.jpg 144 142 74 78
996.jpg 70 105 215 235
997.jpg 116 66 121 133
998.jpg 151 47 68 80
999.jpg 81 93 209 205
1000.jpg 90 54 99 110
1001.jpg 145 80 102 120
1002.jpg 75 43 128 121
1003.jpg 86 71 79 86
1004.jpg 107 107 75 82
1005.jpg 71 96 143 149
1006.jpg 87 100 170 170
1007.jpg 49 87 239 241
1008.jpg 71 280 129 144
1009.jpg 77 53 104 105
1010.jpg 212 92 199 216
1011.jpg 122 51 102 117
1012.jpg 47 129 196 240
1013.jpg 76 79 157 169
1014.jpg 103 86 112 146
1015.jpg 144 92 124 144
1016.jpg 152 68 169 164
1017.jpg 94 55 76 90
1018.jpg 111 86 142 157
1019.jpg 150 120 91 95
1020.jpg 68 106 179 185
1021.jpg 112 78 135 167
1022.jpg 79 84 92 103
1023.jpg 105 41 77 77
1024.jpg 111 44 68 70
1025.jpg 42 123 236 238
1026.jpg 145 77 136 142
1027.jpg 93 84 150 161
1028.jpg 93 48 67 77
1029.jpg 99 63 95 115
1030.jpg 136 104 167 155
1031.jpg 20 55 77 64
1032.jpg 97 83 159 193
1033.jpg 82 124 155 186
1034.jpg 56 95 179 193
1035.jpg 101 78 206 186
1036.jpg 111 214 105 115
1037.jpg 170 136 106 115
1038.jpg 68 52 76 81
1039.jpg 124 73 106 119
1040.jpg 66 88 149 171
1041.jpg 78 55 111 129
1042.jpg 89 109 95 103
1043.jpg 107 50 108 109
1044.jpg 95 77 143 149
1045.jpg 184 110 63 69
1046.jpg 46 121 197 220
1047.jpg 70 47 93 104
1048.jpg 89 93 140 164
1049.jpg 86 304 86 91
1050.jpg 112 57 86 94
1051.jpg 160 37 76 76
1052.jpg 196 135 147 166
1053.jpg 119 79 112 113
1054.jpg 163 41 79 79
1055.jpg 192 163 105 111
1056.jpg 176 62 118 127
1057.jpg 252 61 142 154
1058.jpg 101 63 110 109
1059.jpg 87 185 204 215
1060.jpg 101 71 99 116
1061.jpg 89 89 162 185
1062.jpg 90 53 96 99
1063.jpg 75 118 209 204
1064.jpg 103 81 106 115
1065.jpg 100 77 140 155
1066.jpg 58 98 196 223
1067.jpg 92 75 139 137
1068.jpg 165 82 232 225
1069.jpg 140 180 107 114
1070.jpg 157 51 80 85
1071.jpg 73 90 154 171
1072.jpg 122 62 85 86
1073.jpg 92 54 89 105
1074.jpg 114 82 111 132
1075.jpg 51 83 170 172
1076.jpg 238 79 84 83
1077.jpg 81 66 98 113
1078.jpg 253 58 82 103
1079.jpg 210 19 66 72
1080.jpg 48 101 186 190
1081.jpg 114 92 147 148
1082.jpg 96 35 98 105
1083.jpg 117 95 95 108
1084.jpg 170 93 100 115
1085.jpg 154 76 144 156
1086.jpg 210 107 112 119
1087.jpg 70 103 156 184
1088.jpg 106 185 116 147
1089.jpg 166 193 81 85
1090.jpg 73 47 88 103
1091.jpg 66 86 202 215
1092.jpg 115 93 91 100
1093.jpg 57 125 231 261
1094.jpg 8 164 144 167
1095.jpg 39 112 215 266
1096.jpg 34 121 219 230
1097.jpg 65 90 126 144
1098.jpg 86 99 107 118
1099.jpg 312 48 84 89
1100.jpg 38 74 181 179
1101.jpg 211 55 67 77
1102.jpg 153 163 101 127
1103.jpg 54 113 198 239
1104.jpg 129 44 161 170
1105.jpg 212 88 134 127
1106.jpg 63 98 209 195
1107.jpg 179 58 68 77
1108.jpg 83 54 135 140
1109.jpg 110 66 109 123
1110.jpg 99 109 225 235
1111.jpg 65 88 144 156
1112.jpg 128 183 150 170
1113.jpg 152 62 64 76
1114.jpg 58 109 155 156
1115.jpg 260 69 155 159
1116.jpg 87 52 92 90
1117.jpg 154 56 100 104
1118.jpg 139 84 131 150
1119.jpg 179 63 106 123
1120.jpg 93 111 198 206
1121.jpg 89 34 275 255
1122.jpg 29 115 179 193
1123.jpg 195 139 84 88
1124.jpg 51 61 96 117
1125.jpg 111 84 156 160
1126.jpg 46 114 204 220
1127.jpg 123 39 66 78
1128.jpg 245 60 69 77
1129.jpg 250 41 77 90
1130.jpg 112 57 74 91
1131.jpg 28 130 241 267
1132.jpg 46 124 196 224
1133.jpg 165 76 105 111
1134.jpg 122 76 235 240
1135.jpg 305 50 66 68
1136.jpg 39 110 228 234
1137.jpg 117 75 72 86
1138.jpg 204 48 136 136
1139.jpg 109 69 91 93
1140.jpg 241 47 85 94
1141.jpg 69 93 132 136
1142.jpg 252 60 123 131
1143.jpg 47 99 185 215
1144.jpg 178 63 113 110
1145.jpg 114 66 131 138
1146.jpg 36 106 215 243
1147.jpg 38 85 228 259
1148.jpg 166 75 92 102
1149.jpg 183 65 112 115
1150.jpg 76 76 162 169
1151.jpg 60 52 123 129
1152.jpg 168 157 110 111
1153.jpg 76 78 111 121
1154.jpg 92 90 92 103
1155.jpg 94 76 165 168
1156.jpg 98 59 105 112
1157.jpg 45 143 169 182
1158.jpg 207 102 207 209
1159.jpg 151 67 104 118
1160.jpg 64 107 236 244
1161.jpg 63 45 78 87
1162.jpg 20 124 241 238
1163.jpg 55 103 252 210
1164.jpg 124 62 113 112
1165.jpg 180 57 90 89
1166.jpg 92 59 86 93
1167.jpg 59 79 174 154
1168.jpg 136 68 179 172
1169.jpg 47 118 211 208
1170.jpg 86 81 131 151
1171.jpg 63 117 216 214
1172.jpg 174 45 88 101
1173.jpg 103 44 64 72
1174.jpg 187 247 71 69
1175.jpg 97 56 93 120
1176.jpg 202 79 191 203
1177.jpg 123 57 121 119
1178.jpg 108 92 112 126
1179.jpg 160 52 80 87
1180.jpg 172 63 128 133
1181.jpg 43 93 210 207
1182.jpg 35 99 189 202
1183.jpg 43 96 227 224
1184.jpg 132 70 96 113
1185.jpg 78 95 154 177
1186.jpg 150 57 98 115
1187.jpg 115 68 135 131
1188.jpg 84 91 162 188
1189.jpg 119 62 85 87
1190.jpg 37 99 233 251
1191.jpg 184 99 171 173
1192.jpg 196 90 118 121
1193.jpg 110 50 70 76
1194.jpg 85 137 140 144
1195.jpg 82 117 178 169
1196.jpg 82 129 192 203
1197.jpg 126 102 121 130
1198.jpg 106 41 82 86
1199.jpg 174 69 106 111
1200.jpg 168 83 89 108
1201.jpg 118 95 138 158
1202.jpg 128 83 148 166
1203.jpg 137 66 115 114
1204.jpg 46 92 221 212
1205.jpg 54 120 203 230
1206.jpg 273 86 75 84
1207.jpg -8 92 312 291
1208.jpg 118 93 132 137
1209.jpg 75 72 119 124
1210.jpg 178 67 82 89
1211.jpg 106 73 91 100
1212.jpg 93 70 106 124
1213.jpg 114 64 91 108
1214.jpg 149 203 70 70
1215.jpg 133 73 109 118
1216.jpg 110 173 106 125
1217.jpg 91 69 136 165
1218.jpg 160 55 83 89
1219.jpg 88 59 85 96
1220.jpg 16 153 242 248
1221.jpg 45 84 90 104
1222.jpg 163 45 88 92
1223.jpg 100 85 142 148
1224.jpg 13 117 242 276
1225.jpg 286 83 76 90
1226.jpg 55 95 146 161
1227.jpg 195 286 78 88
1228.jpg 78 99 151 177
1229.jpg 165 73 101 120
1230.jpg 205 95 182 198
1231.jpg 93 116 165 199
1232.jpg 71 96 121 125
1233.jpg 130 68 117 116
1234.jpg 92 107 207 231
1235.jpg 64 142 164 158
1236.jpg 78 99 182 187
1237.jpg 33 98 196 190
1238.jpg 59 124 189 187
1239.jpg 56 106 166 181
1240.jpg 152 44 63 76
1241.jpg 10 128 304 297
1242.jpg 145 138 140 162
1243.jpg 136 66 115 122
1244.jpg 87 60 94 96
1245.jpg 70 120 202 215
1246.jpg 88 94 160 185
1247.jpg 74 72 131 127
1248.jpg 126 55 98 116
1249.jpg 213 61 66 71
1250.jpg 55 116 191 204
1251.jpg 70 97 178 195
1252.jpg 170 69 105 128
1253.jpg 105 50 79 94
1254.jpg 124 50 60 72
1255.jpg 77 86 178 203
1256.jpg 117 67 95 102
1257.jpg 176 62 140 143
1258.jpg 45 90 182 208
1259.jpg -21 74 269 271
1260.jpg 57 116 220 249
1261.jpg 128 112 135 147
1262.jpg 269 69 142 162
1263.jpg 241 53 78 95
1264.jpg 112 54 73 87
1265.jpg 38 87 199 201
1266.jpg 73 129 207 209
1267.jpg 197 53 108 112
1268.jpg 122 123 137 161
1269.jpg 179 67 114 122
1270.jpg 131 33 65 70
1271.jpg 118 50 88 94
1272.jpg 143 252 135 142
1273.jpg 122 244 69 77
1274.jpg 121 60 79 80
1275.jpg 98 68 105 120
1276.jpg 103 84 102 103
1277.jpg 78 124 272 276
1278.jpg 112 54 100 110
1279.jpg 105 74 115 124
1280.jpg 94 97 119 148
1281.jpg 113 47 154 168
1282.jpg 67 43 104 100
1283.jpg 160 62 106 120
1284.jpg 134 39 79 77
1285.jpg 164 91 96 104
1286.jpg 191 115 103 110
1287.jpg 45 39 174 182
1288.jpg 239 112 49 48
1289.jpg 163 69 108 123
1290.jpg 106 111 102 124
1291.jpg 92 314 99 78
1292.jpg 39 79 146 145
1293.jpg 90 98 109 132
1294.jpg 70 210 198 192
1295.jpg 77 150 107 111
1296.jpg 115 61 100 107
1297.jpg 110 77 118 125
1298.jpg 110 82 139 157
1299.jpg 64 75 127 141
1300.jpg 81 54 98 89
1301.jpg 305 41 71 62
1302.jpg 109 64 122 133
1303.jpg 250 72 135 160
1304.jpg 120 80 138 138
1305.jpg 108 104 98 103
1306.jpg 109 125 62 68
1307.jpg 123 214 91 108
1308.jpg 46 115 214 229
1309.jpg 86 72 106 114
1310.jpg 119 58 95 102
1311.jpg 66 109 247 246
1312.jpg 140 44 92 100
1313.jpg 39 98 156 162
1314.jpg 119 53 100 95
1315.jpg 53 106 169 171
1316.jpg 152 45 84 92
1317.jpg 70 103 192 194
1318.jpg 87 66 121 137
1319.jpg 105 67 106 113
1320.jpg 76 48 92 95
1321.jpg 218 44 79 94
1322.jpg 122 49 77 93
1323.jpg 155 73 126 134
1324.jpg 153 107 68 77
1325.jpg 100 70 88 102
1326.jpg 95 204 80 75
1327.jpg 79 101 199 207
1328.jpg 196 61 69 76
1329.jpg 139 46 82 84
1330.jpg 112 68 155 159
1331.jpg 66 128 134 152
1332.jpg 65 97 197 227
1333.jpg 192 72 124 130
1334.jpg 13 101 250 260
1335.jpg 75 79 169 192
1336.jpg 85 235 103 98
1337.jpg 98 71 122 146
1338.jpg 188 46 77 90
1339.jpg 192 65 72 88
1340.jpg 100 60 86 99
1341.jpg 94 192 91 103
1342.jpg 168 104 90 98
1343.jpg 98 142 122 127
1344.jpg 74 56 99 114
1345.jpg 137 51 98 104
1346.jpg 86 84 136 148
1347.jpg 91 181 146 141
1348.jpg 95 78 105 119
1349.jpg 93 131 185 208
1350.jpg 33 86 193 188
1351.jpg 109 95 77 78
1352.jpg 114 50 54 62
1353.jpg 57 89 210 220
1354.jpg 30 120 207 246
1355.jpg 272 88 68 70
1356.jpg 14 64 337 338
1357.jpg 131 69 99 121
1358.jpg 232 60 104 122
1359.jpg 98 72 145 161
1360.jpg 74 117 247 253
1361.jpg 217 66 133 141
1362.jpg 252 70 140 149
1363.jpg 249 82 151 148
1364.jpg 52 92 129 145
1365.jpg 156 70 74 85
1366.jpg 87 88 122 125
1367.jpg 170 75 76 95
1368.jpg 56 92 184 188
1369.jpg 47 100 202 229
1370.jpg 35 113 216 233
1371.jpg 125 60 124 113
1372.jpg 86 105 219 211
1373.jpg 127 312 91 88
1374.jpg 71 116 229 225
1375.jpg 231 73 151 150
1376.jpg 120 48 104 130
1377.jpg 93 94 165 172
1378.jpg 74 77 118 134
1379.jpg 105 117 141 146
1380.jpg 80 73 145 153
1381.jpg 77 95 142 141
1382.jpg 250 83 166 181
1383.jpg 128 51 102 97
1384.jpg 87 46 77 78
1385.jpg 224 68 114 114
1386.jpg 197 65 137 147
1387.jpg 200 82 120 136
1388.jpg 118 63 105 116
1389.jpg 139 86 160 183
1390.jpg 140 35 76 80
1391.jpg 181 79 125 126
1392.jpg 57 104 192 205
1393.jpg 54 108 192 206
1394.jpg 103 68 120 128
1395.jpg 110 97 102 116
1396.jpg 72 110 183 182
1397.jpg 100 120 107 121
1398.jpg 112 54 98 110
1399.jpg 95 105 209 239
1400.jpg 88 63 105 113
1401.jpg 102 91 142 165
1402.jpg 79 89 156 172
1403.jpg 86 289 62 70
1404.jpg 97 59 90 102
1405.jpg 99 154 96 91
1406.jpg 65 72 171 182
1407.jpg 67 53 109 113
1408.jpg 48 93 216 239
1409.jpg 158 50 93 97
1410.jpg 95 94 190 203
1411.jpg 42 120 215 226
1412.jpg 58 98 131 128
1413.jpg 99 65 97 102
1414.jpg 28 100 213 239
1415.jpg 205 45 72 69
1416.jpg 73 92 172 183
1417.jpg 88 97 113 126
1418.jpg 113 268 93 93
1419.jpg 89 90 70 72
1420.jpg 79 82 135 159
1421.jpg 81 91 98 102
1422.jpg 55 108 175 214
1423.jpg 110 168 62 67
1424.jpg 21 108 209 196
1425.jpg 78 86 201 222
1426.jpg 97 43 76 87
1427.jpg 58 109 162 187
1428.jpg 103 53 105 105
1429.jpg 64 82 129 128
1430.jpg 42 142 205 216
1431.jpg 177 35 70 72
1432.jpg 234 140 58 57
1433.jpg 197 69 148 171
1434.jpg 76 214 188 195
1435.jpg 73 98 197 190
1436.jpg 15 116 266 257
1437.jpg 97 52 71 75
1438.jpg 66 112 170 199
1439.jpg 257 41 59 56
1440.jpg 191 70 142 139
1441.jpg 38 75 191 181
1442.jpg 255 62 95 110
1443.jpg 110 96 104 113
1444.jpg 87 103 140 164
1445.jpg 57 104 212 232
1446.jpg 75 197 154 165
1447.jpg 170 64 130 126
1448.jpg 26 162 256 240
1449.jpg 103 75 109 114
1450.jpg 49 57 125 124
1451.jpg 43 94 248 261
1452.jpg 122 210 81 85
1453.jpg 238 61 86 80
1454.jpg 61 84 173 190
1455.jpg 31 47 68 84
1456.jpg 167 64 77 78
1457.jpg 164 53 87 96
1458.jpg 146 137 135 166
1459.jpg 70 111 186 200
1460.jpg 61 114 153 173
1461.jpg 171 86 98 88
1462.jpg 84 59 101 97
1463.jpg 178 51 106 110
1464.jpg 34 119 192 188
1465.jpg 195 52 67 72
1466.jpg 150 66 84 66
1467.jpg 145 50 96 104
1468.jpg 83 69 93 111
1469.jpg 209 83 85 102
1470.jpg 108 77 170 186
1471.jpg 116 90 106 100
1472.jpg 87 60 106 119
1473.jpg 119 75 140 156
1474.jpg 68 81 182 188
1475.jpg 105 51 62 81
1476.jpg 114 93 137 151
1477.jpg 110 56 93 101
1478.jpg 220 72 134 137
1479.jpg 108 83 78 94
1480.jpg 121 73 119 123
1481.jpg 53 108 200 210
1482.jpg 119 56 90 105
1483.jpg 54 95 201 241
1484.jpg 79 112 133 151
1485.jpg 83 90 147 169
1486.jpg 99 71 101 115
1487.jpg 122 158 73 71
1488.jpg 99 48 90 88
1489.jpg 75 91 175 183
1490.jpg 125 115 126 134
1491.jpg 224 122 86 85
1492.jpg 84 101 128 162
1493.jpg 186 76 72 80
1494.jpg 134 50 83 93
1495.jpg 69 116 215 245
1496.jpg 42 107 208 226
1497.jpg 60 113 156 181
1498.jpg 123 48 70 79
1499.jpg 143 38 79 87
1500.jpg 118 65 120 128
1501.jpg 36 111 233 222
1502.jpg 136 58 82 83
1503.jpg 285 86 77 89
1504.jpg 240 75 95 103
1505.jpg 45 110 209 220
1506.jpg 59 78 132 146
1507.jpg 234 44 107 121
1508.jpg 62 91 162 176
1509.jpg 198 75 84 98
1510.jpg 173 127 119 137
1511.jpg 29 42 252 295
1512.jpg 81 143 152 153
1513.jpg 57 221 121 118
1514.jpg 41 89 175 193
1515.jpg 63 79 162 171
1516.jpg 80 59 81 93
1517.jpg 139 114 103 118
1518.jpg 154 86 182 197
1519.jpg 124 134 102 111
1520.jpg 92 58 79 87
1521.jpg 105 56 83 93
1522.jpg 71 130 199 213
1523.jpg 131 60 87 102
1524.jpg 64 102 137 143
1525.jpg 72 56 208 236
1526.jpg 88 77 107 121
1527.jpg 184 64 89 86
1528.jpg 142 71 103 107
1529.jpg 210 68 67 69
1530.jpg 139 56 81 94
1531.jpg 152 59 111 114
1532.jpg 163 103 96 111
1533.jpg 57 103 208 244
1534.jpg 136 79 81 95
1535.jpg 68 69 81 87
1536.jpg 119 286 84 87
1537.jpg 64 84 148 169
1538.jpg 214 79 84 93
1539.jpg 90 72 160 146
1540.jpg 31 101 240 269
1541.jpg 113 185 73 81
1542.jpg 92 103 100 121
1543.jpg 104 117 112 119
1544.jpg 87 72 85 93
1545.jpg 146 76 98 104
1546.jpg 49 137 203 207
1547.jpg -19 99 398 413
1548.jpg 101 55 92 108
1549.jpg 114 36 64 68
1550.jpg 99 70 136 142
1551.jpg 178 62 132 131
1552.jpg 39 93 187 201
1553.jpg 106 72 98 118
1554.jpg 179 92 88 97
1555.jpg 44 113 174 210
1556.jpg 83 68 89 92
1557.jpg 99 83 86 92
1558.jpg 98 51 70 75
1559.jpg 185 53 81 86
1560.jpg 98 52 89 87
1561.jpg 108 67 125 138
1562.jpg 59 104 174 202
1563.jpg 221 50 68 80
1564.jpg 170 55 112 128
1565.jpg 66 197 148 157
1566.jpg 92 114 199 198
1567.jpg 80 140 175 183
1568.jpg 190 117 91 86
1569.jpg 66 126 260 282
1570.jpg 55 170 118 128
1571.jpg 132 82 94 111
1572.jpg 140 103 186 200
1573.jpg 39 57 88 95
1574.jpg 64 44 58 59
1575.jpg 64 60 131 145
1576.jpg 135 36 73 76
1577.jpg 71 84 149 162
1578.jpg 98 131 213 214
1579.jpg 124 61 80 88
1580.jpg 87 76 142 151
1581.jpg 129 115 123 130
1582.jpg 183 47 69 72
1583.jpg 107 99 210 243
1584.jpg 159 53 105 122
1585.jpg 111 52 91 98
1586.jpg 125 44 68 71
1587.jpg 64 115 178 194
1588.jpg 65 131 226 264
1589.jpg 90 219 86 85
1590.jpg 305 37 69 74
1591.jpg 155 111 152 158
1592.jpg 71 50 114 121
1593.jpg 66 88 167 170
1594.jpg 205 121 83 98
1595.jpg 127 48 64 71
1596.jpg 71 92 149 143
1597.jpg 69 116 164 174
1598.jpg 57 68 119 124
1599.jpg 69 96 164 176
1600.jpg 133 172 82 87
1601.jpg 94 71 119 127
1602.jpg 122 51 73 83
1603.jpg 25 100 186 211
1604.jpg 87 115 149 162
1605.jpg 60 79 122 135
1606.jpg 50 99 191 224
1607.jpg 187 60 82 92
1608.jpg 173 45 108 115
1609.jpg 136 173 80 93
1610.jpg 116 39 67 80
1611.jpg 146 60 110 134
1612.jpg 122 90 162 174
1613.jpg 178 50 83 95
1614.jpg 180 196 92 105
1615.jpg 103 46 69 79
1616.jpg 90 13 241 277
1617.jpg 176 43 68 74
1618.jpg 91 100 150 142
1619.jpg 62 104 203 194
1620.jpg 78 91 149 158
1621.jpg 88 69 149 150
1622.jpg 67 108 241 234
1623.jpg 144 227 108 130
1624.jpg 97 60 144 136
1625.jpg 232 94 115 96
1626.jpg 124 64 119 119
1627.jpg 205 138 85 84
1628.jpg 110 58 92 105
1629.jpg 72 93 165 200
1630.jpg 241 53 123 118
1631.jpg 114 211 84 96
1632.jpg 185 85 103 107
1633.jpg 78 129 128 120
1634.jpg 90 91 129 140
1635.jpg 85 84 95 114
1636.jpg 66 107 187 225
1637.jpg 170 70 75 87
1638.jpg 275 38 76 75
1639.jpg 44 112 201 212
1640.jpg 218 72 120 128
1641.jpg 88 101 144 182
1642.jpg 106 41 70 77
1643.jpg 120 73 119 127
1644.jpg 113 59 76 78
1645.jpg 109 67 85 97
1646.jpg 92 90 136 145
1647.jpg 101 105 240 210
1648.jpg 89 123 166 177
1649.jpg 160 74 147 166
1650.jpg 35 101 222 215
1651.jpg 95 106 194 194
1652.jpg 67 96 179 195
1653.jpg 141 57 132 130
1654.jpg 37 106 209 216
1655.jpg 71 63 92 103
1656.jpg 76 165 70 72
1657.jpg 188 63 96 121
1658.jpg 8 93 144 133
1659.jpg 96 105 244 219
1660.jpg 49 118 199 209
1661.jpg 158 42 70 76
1662.jpg 164 47 78 87
1663.jpg 160 64 105 105
1664.jpg 70 132 170 187
1665.jpg 4 74 156 155
1666.jpg 104 82 155 148
1667.jpg 83 40 68 80
1668.jpg 120 46 64 72
1669.jpg 85 124 144 153
1670.jpg 82 83 138 166
1671.jpg 171 60 105 109
1672.jpg 144 53 108 109
1673.jpg 48 92 115 131
1674.jpg 157 150 112 136
1675.jpg 175 58 97 104
1676.jpg 72 98 61 66
1677.jpg 57 85 176 192
1678.jpg 144 69 127 142
1679.jpg 91 87 86 94
1680.jpg 78 90 148 166
1681.jpg 63 106 204 240
1682.jpg 52 90 180 192
1683.jpg 75 98 185 196
1684.jpg 55 109 181 229
1685.jpg 166 31 65 67
1686.jpg 215 94 119 133
1687.jpg 134 68 121 132
1688.jpg 108 87 85 79
1689.jpg 137 55 84 91
1690.jpg 181 43 63 73
1691.jpg 101 90 131 154
1692.jpg 89 93 166 172
1693.jpg 100 72 118 124
1694.jpg 76 87 127 136
1695.jpg 98 76 142 155
1696.jpg 85 111 166 195
1697.jpg 93 75 83 82
1698.jpg 46 65 154 143
1699.jpg 101 137 130 134
